445,580
45,415,958
71,656
428,909
159,710,980
171
449,801
58,777
67
133,309,409
31,742
90,303
354,920
950
94,671,695
204,395,860
82,741,925
772,897
320,625
358,385,883
537,696
374
80
552,712
461,961
289
411
38,743
331,387,817
251,779
66,405,516
10,510
323,998
978
79,254,329
411,792
157,714,878
377,523
27
561,873
428,511
146,351
74,245
477,864
176,687
1
245,977
423,992
167,539
447,774
549
795,884
168,368,826
66,897
175,445
87,356,788
856,956
272,483
7,326,679
723
312,403,591
143,252
127,256
699
520,767
738
30,53
8,93,574
160,215,665
180,321
78
2,84,515
387,997
76,752
42,90
292,706
73,120,479,707
153,323,815
70,276
34,198
22,192
421
16,315
357,541
71,756
114,231
249,602,669
55
213,287
337,433
11,74,785
685
554,760
67,831
14,965
277,341,362
600
355,900
406,486,539
235,424
467,834
533
273,489
124,777
662
233
296
378,779,915
790,920
282,627
157
284,427
303,411
148,182,491
85,487
680
143,257
196,670,882
502,862
442
76,221
621,755
962
306,676
103,967
413,640
449
62,325
441,522
476,578,660
456,904
828
250
9,945
640,852
694
300
296,759,937
461,469
179,614,958
787
775
544,708,722
61,116,793
221
928,976
41,709
442,598
113
216,353,877
682
500,910
348,953
77,615
454,710,725
443
359
36,110,269
213,355,588
4,654
68,550
351,540
564,983
944,975
184,457
829,850
248,851
48
52,808
747
271,408,733
5,324,485
679,905
581
438,926
54,582
44
685
252,274,641
139
69,354
240
113,755,900
414,798
164,830,899
252
501,806
393,953,967
301,984
276,425,913
422,832
790,880
80,203,678
404,456,543
473,519,770
218,659,980
117,199,631
714,753
79,669
196,682
418
310,436
425,865
192,921
15,297
810,990
832
451
361,404,560,731
779
256,311
490
401,906,960
88,158
875,961
68,651,888
149,681
483,573
195,847
324,430,851
398,463
120,144
381,713
662,771,791
701,752
657
739
635,754
923
837,838
784
85,394,744
829
105,637,855
719,987
99,659
457,464
632,795
514
325,604
181,340,941
427,746
936
268,456
247,945
42,46
335,656,803
244,437
166,563
86,758
132,719
29
61,178,185
454,497
34,932,944
257,674
62,210
116,255
848,883
439,936
462,508,751
494,700
399,800
416,973
828,933
821,908,910
503
429,840
243,877
157,914
364,962
170,333
57
102,518,539
178
315,534
78,189
95,302
491,796
751
637,683
499,884
109,599,952
370,614,686
111,357,443
613
357,810
88,831
415,596
25,591,844
702
638,904
75,753
407
389
319,734,813
106,137
204,482
440
316,738
136,800
188,480,876
277,703
11,112
538
529,826
123
402
906,907
9
201,747
210,594,769
60,382
715,816
434,922
82,275,566,872
299,919
964
607,972
295,713,898
18,369,475
69,982
728,866
32,77,388
171,219
127,239,639
58
674,823
390,761
34,946
805
28,789
396,889
271,978
366
246,426,979
605,898
89,392,763
749
569,615,880
240,633
95
419,626
462,735
418,548
432,717
527,810
751,954
152,473
376,465
381,619
41,161
684,868
149
12,180
97,158,420
55,525
83,284,286,389
19
156,379,781
407,597,681
208
95,942
577
270
760,771
334,724
928
52,740
320
283,785
664,991,996
590
663,774
21,819
562,926
349,488
37,894
107,657
359,402
803
222,350,762
312
598,941
585,915,946
19,417,740
487
28,72,646
323,922
294,357
328,930
583,739
337
187
231,764
15,507
332,469
493,736,754
220,512,968
262,879
673,802
212,563,666
307,379,485
60,587
193,208,962
30,968,986
98
293,360,505
170,644
9,434,749
478,488,588
26,35,112,868
581
125,842
183,529,988
1,288
263,650,659
385
200,344,899
342,572
355
81,625,716
190
47,498,793
99,684,951
189,202
335
111,241
3,40,549
267,938
219
684,809
345,835
89,634
314,409
615,625
201,580
247,587,859
174,688
259
298,523,896
128,892
119,147,606,982
155,284
787,948
0,54,555
717,890
49
550,610,762
6,126
542,891
207,886
464,672
545,846
154,253,896
471,765
130,193,243
164,236
711,867
603,681
636,731
24,138,562
260,343,981
220,789
236,452
349,721
888
100,698
531,861
138,396
510,866
455,668
927
194,348
509,532
320,573
129
43,801
410,732
76,600
301
873
297
57,217,617
578
171,402
98
114,386
376,410
102,593,653
211,822
113,278
622
397,511,836
261,663
677,845
510
253,797,974
423,523,783
281,886
151,645,712
186,855,971
118,901
266,623
819
407,616
999
395,732
260,583,748
474,791
31,470,496
40,493
398,948
977
238,918
71
30
651,932
273,894
194,689
64,616,745
611,850
128
37,440,498
679,807
356,701
743
346,768,786
608
305,414,805
827,860
468,869
474
101,911
275
742
827,887
20,999
304,744,975
48,98,273
161,995
83,885
450,725
193
142,918
453,595
685,720,784
589,613
344,971
50,428,642
160,448
575,668
23,655
921,936
92,976
445,689
874,931
675,718,869
806,858
744,818,934
208,959
39,830
375,461
248,401
162,773
811
315,980
649
617
339
664
741
419
217,475
67
551,688
626
363,763
129,484,912
767,854
0,436,839
173,412,589
175,837
391,508,845
717,788
384
745,799,816
403,437
158,410
547,581
372,975
60,289,852
892
489,984
311
545,605
288,705,863
360
147,383
282
96,479
644,647,724
86,694
459,682,942
239,911
336,595
442,849
318,912
528,617,943
855
448,683
521,916,985
680,885
285,547,945
139,283
153,339,435
505,520
483,568,608
726,782
350
926,935
121
492,833
503,982
787
18,421,435
342,576,802
109,662
976
724,737
646
196
237
340
433,658,934
227
460,697,957
233,280
291,972
325
125,134,973
178
549,698
861
408,601
500,841
387,630,729
601
937
567,805
416
215,517
829
489
159
552,828
2,246
225,378,893
634,676,889
195,235,416
129
692,963
104,223,627
373,494
371,570,914
68,699
401,671
967,990
471,551
86,198
117
14,666
452
400,815
255,327
557
123,658
495
192,940
58,172,524
115,612
216,360,459
150,199,603
280,610
352,424,431
91,177,546
283,993
44,773,865
438,575
519,555,848
743,817
745,750
661,960
726
135,602
14,801
20
636,769
467,642,716
63,665
261,761
224,525
290,823
302,704,947
703,886
596,913
75
76
142,970
146,921
4,154
458,966
23,500
222,319
36,197,757
313,853
421,698
345,446,584,902
557,912
234,250
546
465,881,966
142
59,904
366,601,629
154,542
618,693,938
773,814,928
322
646
870,903
208,460
478,507
170,985
295
343,876
397,866
629,905
65,299,870
226,391,916
368,385
16,571
10,535
27,526,690
231,538,559
520,586,691
241,874
169,310
508
338,409
691
260,279,347
73,224,833
197,292
227,397
121,182
84
714
249,987
137,997
92,365
328,700
381,448
337,577
394
455,929
943
64,579
527,822
311,697
194
223,365
17,924
564,687,727
49,373,978
141,813
896
7,103
879
29,107,209
820
359
618,993
498
230,546,875
90,370
527
140,444,624
55,584
331,463,891
108,191
223,509
35
143,423
807,811
51,237
278,955
497,843
183,819
586,871
262,300
6,477,695
400,626
246,380
924
330,529,649
186,558
524,794
168
431
205,286,346
565,794
887
295,775
727,919
77,673
313,586
28,690
559
374,504,798
780,885
265,989
490,768
327,702
834
949
52,305
530,536
131,264,655
165,232,652
184,561,949
93,287
190,206,868
622,752
100,824
432,876
493,994
229,582
229,901
580
267
645
413
797,918
289,857
495,583
453
218
258,689
606
165,521
166,219
134,591
715
579
233,501,609
56,985
844,887,927
558,979
437
15,530,950
468,643,995
118
596
43,970
202,687
322,470,736
458,908
352,411,832
531,557
730,738,878
799
315
39,481
556,746
214,784
301,735,835
149,268
36,870
399,778,925
191,339
721
117,970
19,258
51,281
541,612,820
451,499,704
536,812,857
215,466
332,658
446
450,789
441,592,893
657,892
377,518
930,999
440,454,776
17,53
319,336
184,418
97,182
502,838
717
730
130,291,723
172,737
212,308
308,987
265,867
3
151,265
533,604
578,607,718,964
189,705
269,664
107,384
611,739
952
514,544,843
316,814
12,108
203,553,709
314,388
228,943
772,804
16,879
174,375,620
472,857
145,367,727
765
390,895
556
254,517
264
559,634
620
242,259,553
137,648
429,726
964
678
240,383
362,603
608,766,923
163,254
133,244,613
329,384
703
444,512
825,830
13,860
424
282,917
152,187
347
796
56
636
1,139
560
212,692
24,214
122,270,404
661
317,912,939
94
711,721
124,187,667
398,405
981
708,864,882
501,548
318,638
263,640
497
163,538,590
145,554,628
46,513
33,333,774
335,858
4,195,566
462,969
321,442,623
162
188,593
611,733,856
405
234,758,907
414
821
205,667
371
47
686,782
836
540,861
371
72,759
32
506,537,895
