466
206,574
178,732
359,543
282
30
120,190,376,624
462
217,403,456
176,421,519
138,227
361,530
71,433
761
414,576
291,473
33,276,505
278
251
544
350,364
142,469,692,736
533,569,639
188,755
36,389,423
488,658
370,639
60,159
483,538
197,296,561
5,208,375
237,659
158
16
347
428,643
24,223
240,654
163
318,638
77,387,746
258,381,472
229
111,702
390
118,468
233,499
160
419,635
345
196,420
330,436,563
76,721
625,699
127,540
264,267
136,693
113,500
99,601
657,713
27,200
136,703
276
278,328,675
272,613
533
362
187,618
510,608
441,556
371,764
12,99
295
736
412
438,604
52,115
40,430,590
322,738
167
149,704,726
747
216,245
542,638
298,436,571
542,735
511,672,676
222,435,536
227,607
395,562,663
418,525
114,558,610
147,513
535,762
211,336,599
396,487
518,527,700
106,418,681
263,273
58,71,353
177,450
696
664
348,471,662
272,517
172,531,570
97,442
467,637
213,314,586
220,307
344,377
43,486
516
57
91,167
76
383,579
264,762
45,251,744
135,332
6,209,297
239,262,711
581,753
349,685
711
478,712
482,545
54,389
185,456
427
275,416
604,643
380,603,690
544,600
349,572
119,356
56,61,283
246,434
10,404,692
644
501,587,722
369
21,190
302,317
324,619
275,552,678
335,371,426
92,353
204,577
80,329
163,434
235,477,584
363,392
600
290,413
574,638
342
562,567
32,294,740
27,465
47,492,595
591,719
301
38,150,475
597,741
407,671
414,520
79,114,492
579
299
212,389
319,618,696
105,234
617,720
388,466
241,302
9,228,731
100,308
2,321,725
221,380,500
520,709,721
758
243,300
524
440
128,555
456
67,272
23,506
202,322
6,142
622,733
246,399,645
326,366
529
250,406
50,216,273
29,232,351
661
280,742
60,386
393,569
189,489,541
231,334,364
148,422
517,758
1,215
228,268
30,487
120,449,623
386,560
94,259,398
170,744
108,362
429,611
206,627
82,196,489
8,379
282,626
719
109,362
179,444,667
87,526
36,225
666,686
223,596
512,570,722
10,88
176,207,455
42,374,432
447,685
203,752
197
46,502,632,738
172,561,660
151,745
382
31,548,614
431,498
121
37,602
175,391
618,718
182,457
670
82
137,192
445,515
285,542,715
709
195,508,742
18,118
270,305,422
396,428
342,421
352,445
304,347,359
385,667
41,287
211,714
379,498
585,629
121,565
98,633
55,117
597,620,664
315
55,288
207,433
407,508
252
504,589
64,104,187
98,196
309
130,145
16,62
382,703
17,63
453,503
199
716
4,218,320
136,486
295,546
248
552
258
267,470,640
580
154,475
15,517,713
725
534,716
158,529
72,284,493
29,608
120,384,490
84,425
169,571
182,641
162,465
143,175
490,568
256,482
252,457
467
109,679
177,661
274,376,531
326,663
755
591
573
108
266,645
650,651
143,589
39
171,493,695
282
178,679
78,189
480
144,694
704,710
193,310,453
484,522
63,705
149
51
637
119,358,405
365,481
203,559
146,621
94
398
514,678
566
628
654
156,254,554
384,438,751
110
49,593,709
573,707
34,256,669
103,498,677
123,134
20
197,558
255,662
99,147
585,734,761
540
135
368,467
332,486
3,256
688,702
11,367
66,213,220
152
20,203
333,665,683
193,699,726
361,423
357,373,575
141,393
26,623
70,146
552
368,464
229,764
30,507
6,309
110,503
439
217,260
132,179
41,523
236,277
116,476
297,343
257,547
200,210,388
40,460
174,386,602
24,127,170
44,763
241,653
152,497
201,369
680,696
89,689
95,253,476
471,586
211,337,523
192
475,701
555,589
678
8,658
138,553
332
195
165,269,631
411
496,601
446
408,454,723
74,732
154,529
14,166
627
130,659
635,684
90,97,620
48,505
50,717
9,254
204,252,463
24,367
436,644
298,582
146,691
129,607
35,253
214,513
77,492
238,616
229
12,268
137,150
87
51,84,424
516
75,343
378,593
184,496
69,671
106,763
508
221,575
247,255,495
410,488
230,545
611
209,656
100,652
507
455
279,326
411
228,452,697
8,128,186,617
243,305
547,647
573,743
387,483
565
7,468
422,539
373,734
159,301
0,174
107,306,357
45,462
21
288,594
103,397
41,509
15
594,735
163,290,400
383,396
151,684
125,686
578,728
323,526,606
333
126,304
28,460
327,688
491
111,283,358
95,208
25,446
202,216
297,303
485,588
160,167,430
295,319
660,682
445
409,440,540
392,668,739
238,260,348
46,539
57,179
140,745
233
279,377,757
271,598
16,419
188,646
375,451,665
250,269,443
472,682
68
86
226
92,429,675
338
247,674,680
112,437,614,669
104,205,291
96
9
166,180
625,693
327,537
381,398
183,578
90
222,480
96
633
194,294,413
11
105,309,673
553,728
22,65
293
93
87
522,707
28,549
463,499
54,355,496
202
83,85,248
3,724
19,133,647
126,447
284
385,458
237
538,697
584,753
706,759
145,286,372
404,532
342,652
185,401,609
69,677,729
566,756
91,351
334,728
210
29,234
89,157,591
51
710,716
262,461,583
339,557
157,613
303,687
22,201
105,226
84,299
134
313,346,459
1,155
368,444
14,646
148,737
479,524
116,168
289,717
122
425,683
565,737
151,550,628
261,354
108,397
140,636
491,731
271,317,401
77
161,312,562
633
345,439,595
470,474
160,593
225
164,265
504
94
133,153,700
58,409
240,388
132
75,131
706,708
480,721
88,427
68,296
555
91,640
214,448,754
717
64,567,655
237,516,705
727,741
431
173,456
67,171,242
144,685
265,418
335,749
191,714,750
209,370
6
53,521
218,742
215,415
340,584
261
657,739
407,634
233,642
263,528,592
631
48,417
587,664
107,331,676
39,83,155
22,26
288,610
300
632,675
35,131
139,424
192,315
506,576
458,544,670
701
679,730
316
316,671
450,554,760
391,698
37,341,668
613
449
59,630
25,403
31,416
234,494
198,308
103,352
89,310
102,265,636
365,507
224,716
221,257
497,654
347,516
244,647
165,441,651
86
531
515
63,513,642
86,637
348,556
145,338,402
307,321,649
394,515
97
494,509
365,582
417,477
123,230,619
224,478
568,691
360,484
395
132,703,752
426,687
21,138
56,521
324
319
101,171,394
455,549
653,706
53,366
96,600
400,648
43,360
61,277,690
80,325
328,614
551,605,698
346,537
605
180,249,345
325,564
121,124
125
59,291
259,622
248
281,293,564,666
420,580,612
242
161,219
173
52,180,606
140,226
411,726
543
178,292
80,366,723
615
479,532,559
556
649,756
176,588
2,412
191
354,464,748
85,474
21,73
577,583
78,233
497,630
158,745
164,615
199,250,626
459
118,212
235,501,740
40
81,754
734
621
622
343
231,690
122,550
611,747
23,311
557,730
503
181,205
551
652
13,354
93,117
390,442
70,374
